v: 0.727143, 0.258571
v: 0.168571, 0.241429
v: 0.172857, 0.727143
v: 0.707143, 0.738571
s: 0, 1
s: 1, 2
s: 2, 3
s: 3, 0
